     41379  20230212    5     50611
     30796  20230213    5  51642950                                   Miranda/Alfonso
     53846  20230213   17  51642950                                   Miranda/Alfonso
     61039  20220820   28     15092
     22232  20220820   21     15092
     17804  20230318    5  54815159                                    Patino/Delicia
     75565  20230318   26  54815159                                    Patino/Delicia
     36711  20230318   16  54815159                                    Patino/Delicia
     46000  20230318   33     60184
     72061  20220906   28  15290194                               Hernandez/Guillermo
     79996  20220823   10  35347567                                       Sedano/Elia
     34066  20221127    6  52313890                                     Rivero/Wilver
     85641  20221127   30     70233
     85641  20221127    5     70233
     15098  20221026   17  93282118                                   Zambrano/Ofelia
     67784  20220801   20     90907
     82528  20220804   35     60934
     77466  20220915    6  93939698                                 Henriquez/Silvana
     97465  20220901   27  86988155                                     Cerna/Cinthia
     85641  20220804   17     70269
     24733  20220901   11     53556
     61039  20230228   13     70612
     53846  20220913   16  37282858                                      Soma/Lourdes
     18672  20221129    5  93939698                                 Henriquez/Silvana
     57269  20220803   34  95656771                                     Raffo/Rolando
     92517  20230418    5  57182371                                  Moscoso/Fiorella
     50450  20230327   12  93231760                                  Zarate/Alexander
     85325  20220801    5     35451
     28992  20230124   19     70992
     59121  20230202    8  36471787                                       Pena/Glenda
     70116  20220821   35  45914393                                    Lozada/Antonio
     61039  20220801    5     70789
     14962  20220801   27  53420926                                        Prado/Juan
     60685  20220801   26     70789
     60685  20230418   26     18262
     89839  20230315   20     14655
     65536  20220827   18     80227
     28892  20230116   32     34115
     85865  20230223   15     80040
     94415  20220808   21  13731806                                Salamanca/Virginia
     94415  20221017   35  62126128                                    Durand/Enrique
     73972  20221108    8  22598563                                      Sueldo/Adria
     63555  20221108   28     90562
     68539  20230330   16     91509
     89839  20220901   15     30557
     58200  20230407   31  20371464                                       Lozada/Heli
     70226  20230310   25  32538825                                      Hijar/Martin
     90198  20230116   20  35852072                                   Jauregui/Victor
     68346  20220809   18     52063
     70807  20230318   14  93282118                                   Zambrano/Ofelia
     11370  20230403    5  35606314                                      Mercado/Elia
     43222  20230403   21     19777
     12388  20221026   11  57182371                                  Moscoso/Fiorella
     92517  20221026   13  57182371                                  Moscoso/Fiorella
     57036  20220827   14  62126128                                    Durand/Enrique
     42861  20230318   25     60184
     93578  20220806   13  65912822                                     Camacho/Ydali
     65667  20230418   28     80786
     28892  20221206   14     70233
     61039  20220916    7     89213
     76238  20220826   23  68114999                                         Rios/Ines
     62302  20221025   30     60934
     16681  20230114   34  12484697                                      Diaz/Enrique
     36711  20230114   10  12484697                                      Diaz/Enrique
     88266  20230330   16     60049
     70024  20230303   29  58643376                                    Arroyo/Natalia
     25684  20221027   14     53556
     13364  20230407    7  35347567                                       Sedano/Elia
     22306  20220828   26     64405
     61508  20230206    6     90929
     30796  20221022   26  51465986                                          Sam/Ines
     34080  20221022   14  51465986                                          Sam/Ines
     91653  20220819   21  71422479                                   Lozada/Felicita
     22842  20230212   12     80138
     84771  20230307    8     35451
     39779  20221217   33  59561864                                   Rosemberg/Julio
     42856  20230328   28     49768
     36822  20230328   15  77324146                                     Moscoso/Janet
     33276  20230328   16  77324146                                     Moscoso/Janet
     33390  20220802    8  80694546                                    Ramirez/Karina
     60086  20220805   35     70789
     44215  20230403   15     18262
     81960  20230127   17     14655
     59395  20221229   12  72973662                                     Vargas/Daniel
     62302  20220825    6     34115
     30796  20220823   31  27709566                                        Ortiz/Raul
     70226  20221220   24  45914393                                    Lozada/Antonio
     67784  20221220   19     25448
     60685  20230206   33     40414
     39172  20220829   27  30246960                                    Escalante/Ines
     37007  20221215   31  61061535                                       Solis/Maria
     36822  20221122   11  77324146                                     Moscoso/Janet
     22306  20221122   17     30557
     58200  20230126   35  85395219                                  Fuentes/Patricia
     60509  20230124   33     30082
     53166  20220809   32  72330000                                      Vega/Carmela
     44215  20220901   12     52063
     57036  20221127   34  62287143                                      Wong/Beatriz
     76360  20221206   13  35852072                                   Jauregui/Victor
     16813  20220821   33  45201670                                    Guevara/Milena
     60888  20220820   16     15092
     47697  20220803   15     60184
     46000  20221204   15     90798
     76360  20220819   23  68114999                                         Rios/Ines
     91282  20220803   21  59561864                                   Rosemberg/Julio
     84555  20230328   26     89213
     63555  20220829   31     90907
     26754  20220817   16     60934
     28219  20220815   18     14787
     42053  20220826   35     60049
     60888  20221004   20     70269
     98261  20221004   35  81539774                                      Alfaro/Erick
     24522  20221004   11     70269
     34027  20230206   33  85395219                                  Fuentes/Patricia
     77203  20220817    9  36934113                                    Serrano/Arturo
     17804  20230212   17  54815159                                    Patino/Delicia
     30796  20230212   15  54815159                                    Patino/Delicia
     79851  20220830   32  80694546                                    Ramirez/Karina
     59121  20220829    5  54815159                                    Patino/Delicia
     68860  20220901   29     18708
     86828  20220816   15     80138
     53846  20221215   27  51465986                                          Sam/Ines
     67784  20230404   34     70992
     86451  20220801   34     49768
     39088  20221001   10  93961840                                Pairazaman/Tatiana
     67784  20221027    5     70789
     22306  20230426   22     18262
     65536  20220906   25     14655
     62302  20230411   24     80227
     12388  20220830   27  20371464                                       Lozada/Heli
     41403  20230209   34     80040
     16055  20230116   12  65912822                                     Camacho/Ydali
     73972  20220810   29  22598563                                      Sueldo/Adria
     79996  20220810   23  22598563                                      Sueldo/Adria
     84771  20220810    4     40414
     57036  20230228   10  62126128                                    Durand/Enrique
     34070  20221229   18  51873364                                     Calixto/Erick
     74924  20220808   33  13731806                                Salamanca/Virginia
     95540  20220820    8  77440060                                 Escalante/Emigdio
     44253  20220806   26     30082
     58252  20230216   30  51642949                                   Miranda/Alfonso
     72969  20220802   21  61061535                                       Solis/Maria
     27016  20221030   24     80063
     75565  20220909   31  99891737                                  Contreras/Johana
     11592  20221026   24  90367684                                     Sinche/Yvonne
     31189  20221002   15  93961840                                Pairazaman/Tatiana
     27447  20220814   10     60184
     96031  20220829   10  32538825                                      Hijar/Martin
     42053  20221122    9     80786
     36711  20221122    5  54815159                                    Patino/Delicia
     75565  20221122   21  54815159                                    Patino/Delicia
     49644  20220827   26     70233
     30796  20230318   29  27709566                                        Ortiz/Raul
     67784  20220819    9     90907
     39088  20230404    9  93939698                                 Henriquez/Silvana
     81960  20220829    5     14787
     44215  20220829   28     14787
     55021  20220829   21  36934113                                    Serrano/Arturo
     86828  20220829   33     14787
     26920  20230330   20     60049
     26754  20230327   18     70269
     39088  20220814    9  15290194                               Hernandez/Guillermo
     62008  20220829   13     70612
     77203  20220914   34  86988155                                     Cerna/Cinthia
     68860  20230418   11     90929
     89528  20230328   18     70367
     22553  20230111   13     18708
     85325  20230111   24     18708
     74924  20230111   31  13731806                                Salamanca/Virginia
